2770097
2770097
2704461
2770097
2704461
2770097
2704461
2770097
2704461
2770097
2770097
2704461
2770097
2704461
2770097
2704461
2704461
2770097
2704461
2770097
2704461
2704461
2704461
2704461
2704461
2770097
2704461
2704461
2704461
2704461
2770097
2770097
2770097
2704461
2770097
2770097
2704461
2770097
2770097
2770097
2704461
2770097
2770097
2770097
2770097
2770097
2704461
2770097
2704461
2770097
2704461
2704461
2704461
2704461
2704461
2704461
2704461
2704461
2704461
2772552
2704461
2704461
2704461
2704461
2704461
2770097
2704461
2770097
2704461
2770097
2704461
2770097
2704461
2704461
2704461
2770097
2770097
2704461
2770097
2770097
2770097
2770097
2704461
2770097
2704461
2704461
2704461
2704461
2763388
2792149
2792149
2792149
2792149
2792149
2792149
2792149
2731084
2731084,Software Developer II,https://www.amazon.jobs/en/jobs/2731084/software-developer-ii,2024-12-20 12:25:59
2792149,Software Developer II,https://www.amazon.jobs/en/jobs/2792149/software-developer-ii,2024-12-21 18:31:33
